1
-0.327761
-0.332738
  2.80419
-0.99166603 -0.10710797 -0.07159863
-0.11465003 0.98716295 0.11119657
0.05876948 0.11847865 -0.99121590
0.24515553
2
-0.327352
-0.351026
  2.78942
-0.98690238 -0.14714876 -0.06611307
-0.15427930 0.98067639 0.12029847
0.04713375 0.12892273 -0.99053387
0.25255268
3
-0.314762
 -0.38429
  2.78051
-0.98457805 -0.15664192 -0.07790620
-0.16705045 0.97405003 0.15271112
0.05196358 0.16337028 -0.98519538
0.24568315
4
-0.308085
-0.381578
  2.78225
-0.98385636 -0.15805198 -0.08394184
-0.16882071 0.97532289 0.14228430
0.05938209 0.15415843 -0.98626008
0.24678474
5
-0.293747
 -0.39112
  2.78224
-0.98350170 -0.14661583 -0.10596322
-0.16203352 0.97443250 0.15564846
0.08043348 0.17025012 -0.98211270
0.24806956
6
-0.298491
-0.389384
  2.78231
-0.98467549 -0.15104909 -0.08716854
-0.16257715 0.97592621 0.14538465
0.06310984 0.15732831 -0.98552775
0.24947572
7
 -0.29367
-0.396115
  2.78236
-0.98222964 -0.16079079 -0.09680526
-0.17464621 0.97191901 0.15770901
0.06872872 0.17181313 -0.98272916
0.24595207
8
-0.288563
-0.398527
  2.78251
-0.98249047 -0.15270528 -0.10674068
-0.16848002 0.97278264 0.15908620
0.07954218 0.17428435 -0.98147746
0.24893309
9
-0.288768
 -0.40876
  2.77837
-0.98281828 -0.15738276 -0.09643082
-0.17300653 0.96755180 0.18415282
0.06431934 0.19767192 -0.97815583
0.25749561
10
-0.293976
 -0.38464
  2.78217
-0.98718511 -0.13973544 -0.07706852
-0.14667031 0.98478714 0.09317783
0.06287584 0.10328743 -0.99266225
0.26268264
11
-0.293121
 -0.35574
   2.7831
-0.98772019 -0.12874882 -0.08850177
-0.13113864 0.99112615 0.02171654
0.08492044 0.03305587 -0.99583926
0.36406740
12
-0.293594
-0.360831
  2.78259
-0.98116584 -0.17515520 -0.08145097
-0.18241920 0.97886463 0.09245144
0.06353612 0.10556841 -0.99238020
0.24189221
13
-0.295156
-0.351063
  2.78492
-0.98944570 -0.11951318 -0.08193785
-0.12546724 0.98949418 0.07182788
0.07249264 0.08135030 -0.99404575
0.25883272
14
-0.291959
-0.363292
  2.78295
-0.98000823 -0.17527241 -0.09414589
-0.18780848 0.97114355 0.14699721
0.06566461 0.16173987 -0.98464632
0.24929529
15
-0.294503
 -0.36126
  2.78435
-0.98654088 -0.14164136 -0.08169960
-0.15141168 0.97996772 0.12937455
0.06173818 0.14000356 -0.98822437
0.24600592
16
-0.297493
-0.353361
  2.78612
-0.99225248 -0.09917623 -0.07482712
-0.10593449 0.99005902 0.09252583
0.06490690 0.09973576 -0.99289469
0.25458012
17
-0.295662
-0.357949
  2.78537
-0.98598056 -0.14122520 -0.08886947
-0.15217718 0.97953160 0.13175720
0.06844302 0.14343394 -0.98729036
0.24087692
18
-0.298967
-0.345576
  2.78748
-0.98987348 -0.12268453 -0.07140729
-0.12694348 0.99018293 0.05850750
0.06352832 0.06697971 -0.99572982
0.26881394
19
-0.298706
-0.348186
  2.78695
-0.98363963 -0.16271776 -0.07730463
-0.17009417 0.98023580 0.10102355
0.05933844 0.11251983 -0.99187612
0.24611644
20
-0.297308
-0.351548
  2.78675
-0.98431143 -0.14981235 -0.09320556
-0.16134600 0.97804787 0.13187048
0.07140367 0.14483997 -0.98687532
0.24569375
21
-0.301419
-0.338737
  2.78854
-0.99245466 -0.10432540 -0.06442022
-0.10718889 0.99332080 0.04271222
0.05953397 0.04929507 -0.99700838
0.27525422
22
 -0.30193
-0.340872
  2.78825
-0.99061622 -0.11623845 -0.07188973
-0.12271097 0.98804232 0.09335086
0.06017914 0.10129654 -0.99303448
0.25010264
23
-0.302203
-0.342243
  2.78825
-0.98822182 -0.13292050 -0.07582732
-0.14095473 0.98356000 0.11287823
0.05957689 0.12223695 -0.99071122
0.24587692
24
-0.303896
 -0.34061
  2.78868
-0.99008784 -0.12275879 -0.06823740
-0.12932663 0.98633766 0.10204239
0.05477852 0.10985584 -0.99243690
0.24867360
25
-0.302383
-0.342552
  2.78872
-0.98594081 -0.14254499 -0.08718747
-0.15254283 0.98080557 0.12145417
0.06820127 0.13304644 -0.98876045
0.24151741
26
-0.301588
-0.347782
  2.78745
-0.98156364 -0.16954238 -0.08825076
-0.18192537 0.97031723 0.15933499
0.05861720 0.17245248 -0.98327217
0.25834067
27
-0.302189
-0.344357
  2.78813
-0.98532858 -0.15020814 -0.08102528
-0.15861803 0.98120225 0.10992023
0.06299127 0.12115962 -0.99063235
0.24948403
28
 -0.30054
-0.349398
  2.78681
-0.97733896 -0.19089988 -0.09146469
-0.20331502 0.96683251 0.15458945
0.05891993 0.16968243 -0.98373590
0.25338107
29
-0.300206
-0.352452
   2.7862
-0.97735121 -0.19160746 -0.08983980
-0.20425738 0.96513929 0.16366147
0.05534916 0.17830518 -0.98241729
0.25383747
30
-0.300387
-0.356803
  2.78534
-0.97644471 -0.19888300 -0.08367360
-0.21120840 0.96031445 0.18217344
0.04412176 0.19555486 -0.97969973
0.26137283
31
-0.302167
-0.334713
  2.78447
-0.99570927 -0.07240202 -0.05762812
-0.06932180 0.99614436 -0.05376719
0.06129878 -0.04954160 -0.99688921
0.42874428
32
 -0.30301
-0.336175
   2.7843
-0.99241030 -0.10696425 -0.06066661
-0.10969821 0.99300494 0.04367493
0.05557059 0.04999847 -0.99720212
0.27387184
33
-0.303343
-0.335588
  2.78473
-0.99123698 -0.11171040 -0.07049843
-0.11671463 0.99059746 0.07137490
0.06186225 0.07897764 -0.99495507
0.25244416
34
-0.306097
-0.330535
  2.78578
-0.99402980 -0.09725555 -0.04945822
-0.09919812 0.99432402 0.03846387
0.04543667 0.04314040 -0.99803528
0.27749121
35
-0.305932
-0.331933
  2.78579
-0.99148382 -0.11089348 -0.06828233
-0.11673451 0.98921190 0.08850353
0.05773123 0.09572072 -0.99373268
0.25057556
36
-0.305412
-0.335585
  2.78512
-0.98518524 -0.15239347 -0.07865289
-0.16229244 0.97669791 0.14043634
0.05541854 0.15112057 -0.98696067
0.24743140
37
-0.306688
-0.333948
  2.78573
-0.98816895 -0.13810100 -0.06671010
-0.14463947 0.98380168 0.10589461
0.05100535 0.11429068 -0.99213713
0.24483348
38
-0.305965
-0.338466
  2.78477
-0.98529760 -0.14958799 -0.08253528
-0.16145360 0.97324232 0.16349962
0.05586925 0.17442141 -0.98308484
0.26129255
39
-0.304766
 -0.33989
  2.78469
-0.98482015 -0.14399380 -0.09692806
-0.15788562 0.97513044 0.15554018
0.07212068 0.16848265 -0.98306267
0.25661565
40
-0.304567
-0.336724
  2.78568
-0.98891595 -0.11379959 -0.09536721
-0.12300492 0.98765855 0.09695560
0.08315674 0.10761158 -0.99070919
0.24651878
41
-0.303598
-0.339365
  2.78536
-0.98494267 -0.13993889 -0.10151371
-0.15325845 0.97848339 0.13813799
0.07999860 0.15161584 -0.98519686
0.24717557
42
-0.303574
-0.337286
   2.7858
-0.98931485 -0.11149726 -0.09393873
-0.12064140 0.98784208 0.09804942
0.08186439 0.10833464 -0.99073802
0.24668542
43
-0.303207
-0.340929
    2.785
-0.98237327 -0.16447774 -0.08882477
-0.17660582 0.97237231 0.15265151
0.06126297 0.16564774 -0.98428028
0.25891379
44
-0.304127
 -0.34275
  2.78472
-0.98448100 -0.15967335 -0.07281199
-0.16951701 0.97258778 0.15917598
0.04539989 0.16904860 -0.98456154
0.25995413
45
-0.305236
-0.340001
  2.78539
-0.98948090 -0.13012978 -0.06319639
-0.13593134 0.98582258 0.09836928
0.04949966 0.10592489 -0.99314133
0.25254805
46
-0.305482
-0.340221
  2.78542
-0.98866020 -0.13392599 -0.06793261
-0.14074215 0.98412196 0.10814623
0.05237038 0.11648085 -0.99181125
0.24866060
47
-0.307137
-0.337073
  2.78602
-0.99461933 -0.08815814 -0.05441080
-0.09171051 0.99355158 0.06666658
0.04818273 0.07129791 -0.99629064
0.26225310
48
-0.307503
-0.337121
  2.78609
-0.99245173 -0.10599858 -0.06167553
-0.11130551 0.98968943 0.09014384
0.05148450 0.09632823 -0.99401721
0.25401152
49
-0.307084
 -0.33822
  2.78603
-0.98991609 -0.11878785 -0.07717236
-0.12746403 0.98462589 0.11943522
0.06179845 0.12806755 -0.98983820
0.24439594
50
-0.308901
-0.336822
  2.78641
-0.99333151 -0.10208436 -0.05358449
-0.10687682 0.98963891 0.09587582
0.04324187 0.10096341 -0.99394996
0.25833413
51
-0.309505
-0.336092
  2.78674
-0.99299973 -0.10266858 -0.05840122
-0.10776227 0.98990646 0.09204614
0.04836150 0.09769524 -0.99404065
0.25474500
52
-0.310388
-0.334698
  2.78693
-0.99135962 -0.11950443 -0.05408141
-0.12354075 0.98921085 0.07873737
0.04408845 0.08473831 -0.99542736
0.26021430
53
-0.310633
-0.335246
  2.78672
-0.98649934 -0.15286027 -0.05876041
-0.15828347 0.98204501 0.10263502
0.04201655 0.11055018 -0.99298201
0.25192501
54
-0.310484
-0.334015
  2.78717
-0.99022766 -0.11777202 -0.07469224
-0.12414751 0.98840781 0.08739223
0.06353404 0.09581106 -0.99336985
0.24728717
55
-0.311356
-0.332564
  2.78761
-0.99300920 -0.09844274 -0.06512880
-0.10331786 0.99171908 0.07628025
0.05708023 0.08247596 -0.99495707
0.25451809
56
-0.310156
-0.336613
  2.78681
-0.97986859 -0.18086429 -0.08453202
-0.19254203 0.96804824 0.16065546
0.05277424 0.17369720 -0.98338404
0.25780753
57
-0.310455
-0.337148
   2.7866
-0.98030382 -0.18359527 -0.07278179
-0.19250439 0.97060364 0.14446673
0.04411886 0.15563211 -0.98682935
0.25816693
58
-0.310095
-0.339108
  2.78619
-0.98123642 -0.17474276 -0.08148656
-0.18616922 0.96862570 0.16463681
0.05016089 0.17671792 -0.98298253
0.26014871
59
-0.309721
 -0.33969
  2.78621
-0.98221150 -0.16710164 -0.08565989
-0.17841570 0.97272466 0.14823821
0.05855264 0.16088434 -0.98523490
0.25410143
60
-0.308499
-0.341183
  2.78615
-0.98272816 -0.15110611 -0.10682839
-0.16687000 0.97314436 0.15857007
0.07999854 0.17365772 -0.98155144
0.26121191
61
-0.308724
-0.341831
  2.78609
-0.98428796 -0.15331339 -0.08759117
-0.16498340 0.97529946 0.14687219
0.06291014 0.15901561 -0.98526968
0.25598719
62
-0.308015
-0.343358
  2.78603
-0.98202302 -0.16191529 -0.09702691
-0.17584864 0.97158261 0.15844398
0.06861515 0.17265769 -0.98258907
0.25714165
63
-0.307138
-0.344502
  2.78599
-0.98239125 -0.15326599 -0.10685024
-0.16908401 0.97261812 0.15945091
0.07948608 0.17470985 -0.98140635
0.26083243
64
-0.306877
-0.346785
  2.78536
-0.98276753 -0.15766336 -0.09648967
-0.17330650 0.96746327 0.18433576
0.06428722 0.19788148 -0.97811557
0.27752663
65
  -0.3074
-0.344027
  2.78583
-0.98716311 -0.13987868 -0.07709050
-0.14682147 0.98475566 0.09327245
0.06286848 0.10339366 -0.99265165
0.25260658
66
-0.307054
-0.339826
  2.78593
-0.98771010 -0.12882065 -0.08850991
-0.13121500 0.99111501 0.02176369
0.08491989 0.03311004 -0.99583751
0.35622266
67
-0.306931
-0.340976
   2.7858
-0.98115900 -0.17519075 -0.08145689
-0.18245680 0.97885541 0.09247490
0.06353377 0.10559495 -0.99237753
0.23741262
68
-0.307033
  -0.3394
   2.7862
-0.98944333 -0.11953115 -0.08194029
-0.12548627 0.98949091 0.07183971
0.07249208 0.08136370 -0.99404469
0.25562637
69
-0.306271
-0.342062
  2.78579
-0.98008158 -0.17566026 -0.09264758
-0.18796507 0.97107618 0.14724195
0.06410330 0.16172363 -0.98475186
0.25388492
70
-0.306612
 -0.34193
  2.78605
-0.98657621 -0.14182781 -0.08094600
-0.15149761 0.97994002 0.12948369
0.06095783 0.14000865 -0.98827209
0.24709536
71
-0.307115
-0.340422
  2.78643
-0.99227245 -0.09926218 -0.07444732
-0.10598519 0.99004928 0.09257198
0.06451762 0.09974694 -0.99291894
0.25136911
72
-0.306549
-0.341685
  2.78624
-0.98599079 -0.14127216 -0.08868106
-0.15219853 0.97952461 0.13178447
0.06824781 0.14343541 -0.98730366
0.24194216
73
-0.307215
-0.338857
  2.78675
-0.98987788 -0.12270443 -0.07131199
-0.12695778 0.99018035 0.05852010
0.06343106 0.06698136 -0.99573591
0.26572353
74
-0.307036
-0.339618
  2.78662
-0.98364153 -0.16272876 -0.07725733
-0.17010021 0.98023399 0.10103086
0.05928963 0.11251963 -0.99187906
0.24504763
75
-0.306552
-0.340629
  2.78658
-0.98431276 -0.14981824 -0.09318200
-0.16134867 0.97804696 0.13187400
0.07137924 0.14484005 -0.98687708
0.24740685
76
-0.307567
-0.337232
  2.78707
-0.99245518 -0.10432779 -0.06440824
-0.10719078 0.99332053 0.04271368
0.05952180 0.04929539 -0.99700909
0.27401222
77
-0.307633
-0.337862
  2.78701
-0.99061649 -0.11623980 -0.07188378
-0.12271176 0.98804215 0.09335164
0.06017303 0.10129666 -0.99303484
0.24931898
78
 -0.30764
-0.338305
  2.78702
-0.98822195 -0.13292120 -0.07582435
-0.14095509 0.98355990 0.11287864
0.05957383 0.12223698 -0.99071140
0.24561909
79
-0.308086
-0.337859
  2.78717
-0.99008790 -0.12275914 -0.06823592
-0.12932682 0.98633761 0.10204259
0.05477699 0.10985586 -0.99243699
0.24812782
80
-0.307561
  -0.3385
   2.7872
-0.98594085 -0.14254517 -0.08718673
-0.15254291 0.98080555 0.12145427
0.06820051 0.13304645 -0.98876050
0.24195835
81
-0.307242
-0.340229
  2.78681
-0.98156366 -0.16954248 -0.08825039
-0.18192540 0.97031721 0.15933505
0.05861681 0.17245248 -0.98327220
0.26075136
82
-0.307371
-0.339193
  2.78705
-0.98532859 -0.15020818 -0.08102509
-0.15861805 0.98120225 0.10992026
0.06299108 0.12115962 -0.99063236
0.24929852
83
-0.306752
-0.340956
  2.78661
-0.97733897 -0.19089991 -0.09146460
-0.20331503 0.96683251 0.15458946
0.05891984 0.16968243 -0.98373590
0.25607837
84
-0.306563
-0.342111
   2.7864
-0.97735121 -0.19160747 -0.08983976
-0.20425739 0.96513929 0.16366148
0.05534912 0.17830518 -0.98241729
0.25736148
85
-0.306552
-0.343768
   2.7861
-0.97644472 -0.19888301 -0.08367358
-0.21120840 0.96031445 0.18217345
0.04412174 0.19555486 -0.97969973
0.26670341
86
-0.307122
-0.335957
  2.78578
-0.99570927 -0.07240202 -0.05762811
-0.06932181 0.99614436 -0.05376718
0.06129877 -0.04954160 -0.99688921
0.42910516
87
-0.307375
 -0.33648
   2.7857
-0.99241030 -0.10696425 -0.06066660
-0.10969821 0.99300494 0.04367493
0.05557058 0.04999847 -0.99720212
0.27320348
88
 -0.30745
-0.336257
  2.78584
-0.99123698 -0.11171040 -0.07049843
-0.11671463 0.99059746 0.07137490
0.06186224 0.07897764 -0.99495507
0.25212368
89
-0.308456
-0.334319
  2.78623
-0.99402980 -0.09725555 -0.04945822
-0.09919812 0.99432402 0.03846387
0.04543667 0.04314040 -0.99803528
0.27853017
90
-0.308365
 -0.33482
  2.78623
-0.99148382 -0.11089348 -0.06828233
-0.11673451 0.98921190 0.08850353
0.05773123 0.09572072 -0.99373268
0.25064553
91
-0.308133
-0.336233
  2.78596
-0.98518524 -0.15239347 -0.07865289
-0.16229244 0.97669791 0.14043634
0.05541854 0.15112057 -0.98696067
0.24723507
92
-0.308617
-0.335568
   2.7862
-0.98816895 -0.13810100 -0.06671010
-0.14463947 0.98380168 0.10589462
0.05100535 0.11429068 -0.99213713
0.24464485
93
  -0.3083
-0.337397
   2.7858
-0.98529760 -0.14958799 -0.08253528
-0.16145360 0.97324232 0.16349962
0.05586925 0.17442141 -0.98308484
0.26168494
94
-0.307778
-0.337999
  2.78576
-0.98482015 -0.14399380 -0.09692806
-0.15788562 0.97513044 0.15554018
0.07212068 0.16848265 -0.98306267
0.25747019
95
-0.307663
-0.336686
  2.78616
-0.98891595 -0.11379959 -0.09536721
-0.12300492 0.98765855 0.09695560
0.08315674 0.10761158 -0.99070919
0.24666351
96
-0.307217
-0.337814
  2.78602
-0.98494267 -0.13993889 -0.10151371
-0.15325845 0.97848339 0.13813799
0.07999860 0.15161584 -0.98519686
0.24776850
97
-0.307169
 -0.33693
  2.78621
-0.98931485 -0.11149726 -0.09393873
-0.12064140 0.98784208 0.09804942
0.08186439 0.10833464 -0.99073802
0.24691310
98
-0.306971
-0.338532
  2.78585
-0.98237327 -0.16447774 -0.08882477
-0.17660582 0.97237231 0.15265151
0.06126297 0.16564774 -0.98428028
0.25962108
99
-0.307342
-0.339366
  2.78572
-0.98448100 -0.15967335 -0.07281199
-0.16951701 0.97258778 0.15917598
0.04539989 0.16904860 -0.98456154
0.26076318
100
-0.307809
-0.338163
  2.78601
-0.98948090 -0.13012978 -0.06319639
-0.13593134 0.98582258 0.09836928
0.04949966 0.10592489 -0.99314133
0.25204670
